Point`s of stimul`s start time :21:09:15.29027: Delay before stimul appears :1,056098:
Timestamp;Position.x;Position.y;Position.z;Is_false_stimul;Is_catched
21:09:16.37142;1,199723;0,5099933;6,170269;0;0
21:09:16.37242;1,198314;0,5107118;6,164711;0;0
21:09:16.37242;1,196906;0,5114303;6,159152;0;0
21:09:16.37342;1,195498;0,5121489;6,153594;0;0
21:09:16.37342;1,19409;0,5128674;6,148035;0;0
21:09:16.37342;1,192681;0,5135859;6,142477;0;0
21:09:16.37442;1,191273;0,5143045;6,136918;0;0
21:09:16.37442;1,189865;0,515023;6,13136;0;0
21:09:16.37442;1,188457;0,5157415;6,125801;0;0
21:09:16.37542;1,187049;0,5164601;6,120243;0;0
21:09:16.37542;1,18564;0,5171786;6,114684;0;0
21:09:16.37542;1,184232;0,5178971;6,109126;0;0
21:09:16.43544;1,182824;0,5186157;6,103567;0;0
21:09:16.43642;1,181416;0,5193342;6,098009;0;0
21:09:16.43642;1,180007;0,5200527;6,09245;0;0
21:09:16.44142;1,178599;0,5207713;6,086892;0;0
21:09:16.44242;1,177191;0,5214898;6,081333;0;0
21:09:16.44242;1,175783;0,5222083;6,075775;0;0
21:09:16.44342;1,174375;0,5229269;6,070216;0;0
21:09:16.44342;1,172966;0,5236454;6,064658;0;0
21:09:16.44342;1,171558;0,5243639;6,059099;0;0
21:09:16.44442;1,17015;0,5250825;6,053541;0;0
21:09:16.44442;1,168742;0,525801;6,047982;0;0
21:09:16.44442;1,167333;0,5265195;6,042424;0;0
21:09:16.44541;1,165925;0,5272381;6,036865;0;0
21:09:16.44541;1,164517;0,5279566;6,031307;0;0
21:09:16.44541;1,163109;0,5286751;6,025748;0;0
21:09:16.44642;1,161701;0,5293937;6,02019;0;0
21:09:16.44642;1,160292;0,5301122;6,014631;0;0
21:09:16.44642;1,158884;0,5308307;6,009073;0;0
21:09:16.44741;1,157476;0,5315493;6,003514;0;0
21:09:16.44741;1,156068;0,5322678;5,997956;0;0
21:09:16.44842;1,15466;0,5329863;5,992397;0;0
21:09:16.44842;1,153251;0,5337049;5,986839;0;0
21:09:16.44942;1,151843;0,5344234;5,98128;0;0
21:09:16.44942;1,150435;0,5351419;5,975722;0;0
21:09:16.44942;1,149027;0,5358605;5,970163;0;0
21:09:16.45042;1,147618;0,536579;5,964605;0;0
21:09:16.45042;1,14621;0,5372975;5,959046;0;0
21:09:16.45142;1,144802;0,5380161;5,953488;0;0
21:09:16.45142;1,143394;0,5387346;5,947929;0;0
21:09:16.45142;1,141986;0,5394531;5,942371;0;0
21:09:16.45242;1,140577;0,5401717;5,936812;0;0
21:09:16.45242;1,139169;0,5408902;5,931254;0;0
21:09:16.45242;1,137761;0,5416088;5,925695;0;0
21:09:16.45341;1,136353;0,5423273;5,920137;0;0
21:09:16.45341;1,134944;0,5430458;5,914578;0;0
21:09:16.45341;1,133536;0,5437644;5,90902;0;0
21:09:16.45441;1,132128;0,5444829;5,903461;0;0
21:09:16.45441;1,13072;0,5452014;5,897903;0;0
21:09:16.45441;1,129312;0,54592;5,892344;0;0
21:09:16.45542;1,127903;0,5466385;5,886786;0;0
21:09:16.45542;1,126495;0,547357;5,881227;0;0
21:09:16.45642;1,125087;0,5480756;5,875669;0;0
21:09:16.45642;1,123679;0,5487941;5,870111;0;0
21:09:16.45642;1,12227;0,5495126;5,864552;0;0
21:09:16.45743;1,120862;0,5502312;5,858994;0;0
21:09:16.45743;1,119454;0,5509497;5,853435;0;0
21:09:16.45842;1,118046;0,5516682;5,847877;0;0
21:09:16.45842;1,116638;0,5523868;5,842318;0;0
21:09:16.45842;1,115229;0,5531053;5,83676;0;0
21:09:16.45941;1,113821;0,5538238;5,831201;0;0
21:09:16.45941;1,112413;0,5545424;5,825643;0;0
21:09:16.45941;1,111005;0,5552609;5,820084;0;0
21:09:16.46042;1,109596;0,5559794;5,814526;0;0
21:09:16.46042;1,108188;0,556698;5,808967;0;0
21:09:16.46142;1,10678;0,5574165;5,803409;0;0
21:09:16.46142;1,105372;0,558135;5,79785;0;0
21:09:16.46142;1,103964;0,5588536;5,792292;0;0
21:09:16.46242;1,102555;0,5595721;5,786733;0;0
21:09:16.46242;1,101147;0,5602906;5,781175;0;0
21:09:16.46242;1,099739;0,5610092;5,775616;0;0
21:09:16.46341;1,098331;0,5617277;5,770058;0;0
21:09:16.46341;1,096923;0,5624462;5,764499;0;0
21:09:16.46442;1,095514;0,5631648;5,758941;0;0
21:09:16.46442;1,094106;0,5638833;5,753382;0;0
21:09:16.46542;1,092698;0,5646018;5,747824;0;0
21:09:16.46542;1,09129;0,5653204;5,742265;0;0
21:09:16.46542;1,089881;0,5660389;5,736707;0;0
21:09:16.46642;1,088473;0,5667574;5,731148;0;0
21:09:16.46642;1,087065;0,567476;5,72559;0;0
21:09:16.46742;1,085657;0,5681945;5,720031;0;0
21:09:16.46742;1,084249;0,568913;5,714473;0;0
21:09:16.46742;1,08284;0,5696316;5,708914;0;0
21:09:16.46844;1,081432;0,5703501;5,703356;0;0
21:09:16.47342;1,080024;0,5710686;5,697797;0;0
21:09:16.47442;1,078616;0,5717872;5,692239;0;0
21:09:16.47442;1,077207;0,5725057;5,68668;0;0
21:09:16.47544;1,075799;0,5732242;5,681122;0;0
21:09:16.47544;1,074391;0,5739428;5,675563;0;0
21:09:16.47642;1,072983;0,5746613;5,670005;0;0
21:09:16.47642;1,071575;0,5753798;5,664446;0;0
21:09:16.47742;1,070166;0,5760984;5,658888;0;0
21:09:16.47742;1,068758;0,5768169;5,653329;0;0
21:09:16.47742;1,06735;0,5775355;5,647771;0;0
21:09:16.47841;1,065942;0,578254;5,642212;0;0
21:09:16.47841;1,064533;0,5789725;5,636654;0;0
21:09:16.47841;1,063125;0,5796911;5,631095;0;0
21:09:16.47942;1,061717;0,5804096;5,625537;0;0
21:09:16.47942;1,060309;0,5811281;5,619978;0;0
21:09:16.48042;1,058901;0,5818467;5,61442;0;0
21:09:16.48042;1,057492;0,5825652;5,608861;0;0
21:09:16.48042;1,056084;0,5832837;5,603303;0;0
21:09:16.48142;1,054676;0,5840023;5,597744;0;0
21:09:16.48142;1,053268;0,5847208;5,592186;0;0
21:09:16.48142;1,051859;0,5854393;5,586627;0;0
21:09:16.48242;1,050451;0,5861579;5,581069;0;0
21:09:16.48242;1,049043;0,5868764;5,575511;0;0
21:09:16.48342;1,047635;0,5875949;5,569952;0;0
21:09:16.48342;1,046227;0,5883135;5,564394;0;0
21:09:16.48342;1,044818;0,589032;5,558835;0;0
21:09:16.48442;1,04341;0,5897505;5,553277;0;0
21:09:16.48442;1,042002;0,5904691;5,547718;0;0
21:09:16.48442;1,040594;0,5911876;5,54216;0;0
21:09:16.48541;1,039186;0,5919061;5,536601;0;0
21:09:16.48541;1,037777;0,5926247;5,531043;0;0
21:09:16.48541;1,036369;0,5933432;5,525484;0;0
21:09:16.49142;1,034961;0,5940617;5,519926;0;0
21:09:16.49142;1,033553;0,5947803;5,514367;0;0
21:09:16.49242;1,032144;0,5954988;5,508809;0;0
21:09:16.49242;1,030736;0,5962173;5,50325;0;0
21:09:16.49242;1,029328;0,5969359;5,497692;0;0
21:09:16.49342;1,02792;0,5976544;5,492133;0;0
21:09:16.49342;1,026512;0,5983729;5,486575;0;0
21:09:16.49442;1,025103;0,5990915;5,481016;0;0
21:09:16.49442;1,023695;0,59981;5,475458;0;0
21:09:16.49442;1,022287;0,6005285;5,469899;0;0
21:09:16.49542;1,020879;0,6012471;5,464341;0;0
21:09:16.49542;1,01947;0,6019656;5,458782;0;0
21:09:16.49542;1,018062;0,6026841;5,453224;0;0
21:09:16.49641;1,016654;0,6034027;5,447665;0;0
21:09:16.49641;1,015246;0,6041212;5,442107;0;0
21:09:16.49742;1,013838;0,6048397;5,436548;0;0
21:09:16.49742;1,012429;0,6055583;5,43099;0;0
21:09:16.50242;1,011021;0,6062768;5,425431;0;0
21:09:16.50342;1,009613;0,6069953;5,419873;0;0
21:09:16.50342;1,008205;0,6077139;5,414314;0;0
21:09:16.50442;1,006796;0,6084324;5,408756;0;0
21:09:16.50442;1,005388;0,6091509;5,403197;0;0
21:09:16.50442;1,00398;0,6098695;5,397639;0;0
21:09:16.50542;1,002572;0,610588;5,39208;0;0
21:09:16.50542;1,001164;0,6113065;5,386522;0;0
21:09:16.50642;0,9997554;0,6120251;5,380963;0;0
21:09:16.50642;0,9983472;0,6127436;5,375405;0;0
21:09:16.50642;0,9969389;0,6134622;5,369846;0;0
21:09:16.50741;0,9955307;0,6141807;5,364288;0;0
21:09:16.51942;0,9941225;0,6148992;5,358729;0;0
21:09:16.51942;0,9927143;0,6156178;5,353171;0;0
21:09:16.51942;0,9913061;0,6163363;5,347612;0;0
21:09:16.52043;0,9898978;0,6170548;5,342054;0;0
21:09:16.52043;0,9884896;0,6177734;5,336495;0;0
21:09:16.52142;0,9870814;0,6184919;5,330937;0;0
21:09:16.52142;0,9856732;0,6192104;5,325378;0;0
21:09:16.52142;0,984265;0,619929;5,31982;0;0
21:09:16.52242;0,9828568;0,6206475;5,314261;0;0
21:09:16.52242;0,9814485;0,621366;5,308703;0;0
21:09:16.52242;0,9800403;0,6220846;5,303144;0;0
21:09:16.52341;0,9786321;0,6228031;5,297586;0;0
21:09:16.52341;0,9772239;0,6235216;5,292027;0;0
21:09:16.52341;0,9758157;0,6242402;5,286469;0;0
21:09:16.52442;0,9744074;0,6249587;5,28091;0;0
21:09:16.52442;0,9729992;0,6256772;5,275352;0;0
21:09:16.52942;0,971591;0,6263958;5,269794;0;0
21:09:16.53042;0,9701828;0,6271143;5,264235;0;0
21:09:16.53142;0,9687746;0,6278328;5,258677;0;0
21:09:16.53142;0,9673663;0,6285514;5,253118;0;0
21:09:16.53142;0,9659581;0,6292699;5,24756;0;0
21:09:16.53243;0,9645499;0,6299884;5,242001;0;0
21:09:16.53243;0,9631417;0,630707;5,236443;0;0
21:09:16.53342;0,9617335;0,6314255;5,230884;0;0
21:09:16.53342;0,9603252;0,632144;5,225326;0;0
21:09:16.53342;0,958917;0,6328626;5,219767;0;0
21:09:16.53442;0,9575088;0,6335811;5,214209;0;0
21:09:16.54542;0,9561006;0,6342996;5,20865;0;0
21:09:16.54643;0,9546924;0,6350182;5,203092;0;0
21:09:16.54643;0,9532841;0,6357367;5,197533;0;0
21:09:16.54742;0,9518759;0,6364552;5,191975;0;0
21:09:16.54742;0,9504677;0,6371738;5,186416;0;0
21:09:16.54742;0,9490595;0,6378923;5,180858;0;0
21:09:16.54842;0,9476513;0,6386108;5,175299;0;0
21:09:16.54842;0,946243;0,6393294;5,169741;0;0
21:09:16.54842;0,9448348;0,6400479;5,164182;0;0
21:09:16.54941;0,9434266;0,6407664;5,158624;0;0
21:09:16.54941;0,9420184;0,641485;5,153065;0;0
21:09:16.54941;0,9406102;0,6422035;5,147507;0;0
21:09:16.55041;0,939202;0,642922;5,141948;0;0
21:09:16.55041;0,9377937;0,6436406;5,13639;0;0
21:09:16.55142;0,9363855;0,6443591;5,130831;0;0
21:09:16.55142;0,9349773;0,6450776;5,125273;0;0
21:09:16.55642;0,9335691;0,6457962;5,119714;0;0
21:09:16.55742;0,9321609;0,6465147;5,114156;0;0
21:09:16.55742;0,9307526;0,6472332;5,108597;0;0
21:09:16.55742;0,9293444;0,6479518;5,103039;0;0
21:09:16.55841;0,9279362;0,6486703;5,09748;0;0
21:09:16.55841;0,926528;0,6493888;5,091922;0;0
21:09:16.55942;0,9251198;0,6501074;5,086363;0;0
21:09:16.55942;0,9237115;0,6508259;5,080805;0;0
21:09:16.55942;0,9223033;0,6515445;5,075246;0;0
21:09:16.56042;0,9208951;0,652263;5,069688;0;0
21:09:16.56042;0,9194869;0,6529815;5,064129;0;0
21:09:16.57242;0,9180787;0,6537001;5,058571;0;0
21:09:16.57342;0,9166704;0,6544186;5,053012;0;0
21:09:16.57342;0,9152622;0,6551371;5,047454;0;0
21:09:16.57342;0,913854;0,6558557;5,041895;0;0
21:09:16.57442;0,9124458;0,6565742;5,036337;0;0
21:09:16.57442;0,9110376;0,6572927;5,030778;0;0
21:09:16.57442;0,9096293;0,6580113;5,02522;0;0
21:09:16.57542;0,9082211;0,6587298;5,019661;0;0
21:09:16.57542;0,9068129;0,6594483;5,014103;0;0
21:09:16.57542;0,9054047;0,6601669;5,008544;0;0
21:09:16.57642;0,9039965;0,6608854;5,002986;0;0
21:09:16.57642;0,9025882;0,6616039;4,997427;0;0
21:09:16.57741;0,90118;0,6623225;4,991869;0;0
21:09:16.57741;0,8997718;0,663041;4,98631;0;0
21:09:16.57741;0,8983636;0,6637595;4,980752;0;0
21:09:16.58342;0,8969554;0,6644781;4,975194;0;0
21:09:16.58342;0,8955472;0,6651966;4,969635;0;0
21:09:16.58442;0,8941389;0,6659151;4,964077;0;0
21:09:16.58442;0,8927307;0,6666337;4,958518;0;0
21:09:16.58442;0,8913225;0,6673522;4,95296;0;0
21:09:16.58542;0,8899143;0,6680707;4,947401;0;0
21:09:16.58542;0,8885061;0,6687893;4,941843;0;0
21:09:16.58642;0,8870978;0,6695078;4,936284;0;0
21:09:16.58642;0,8856896;0,6702263;4,930726;0;0
21:09:16.58742;0,8842814;0,6709449;4,925167;0;0
21:09:16.58742;0,8828732;0,6716634;4,919609;0;0
21:09:16.59942;0,881465;0,6723819;4,91405;0;0
21:09:16.59942;0,8800567;0,6731005;4,908492;0;0
21:09:16.60042;0,8786485;0,673819;4,902933;0;0
21:09:16.60142;0,8772403;0,6745375;4,897375;0;0
21:09:16.60142;0,8758321;0,6752561;4,891816;0;0
21:09:16.60242;0,8744239;0,6759746;4,886258;0;0
21:09:16.60242;0,8730156;0,6766931;4,880699;0;0
21:09:16.60242;0,8716074;0,6774117;4,875141;0;0
21:09:16.60341;0,8701992;0,6781302;4,869582;0;0
21:09:16.60341;0,868791;0,6788487;4,864024;0;0
21:09:16.60341;0,8673828;0,6795673;4,858465;0;0
21:09:16.60441;0,8659745;0,6802858;4,852907;0;0
21:09:16.60441;0,8645663;0,6810043;4,847348;0;0
21:09:16.60441;0,8631581;0,6817229;4,84179;0;0
21:09:16.60542;0,8617499;0,6824414;4,836231;0;0
21:09:16.60542;0,8603417;0,6831599;4,830673;0;0
21:09:16.61042;0,8589334;0,6838785;4,825114;0;0
21:09:16.61142;0,8575252;0,684597;4,819556;0;0
21:09:16.61142;0,856117;0,6853155;4,813997;0;0
21:09:16.61142;0,8547088;0,6860341;4,808439;0;0
21:09:16.61242;0,8533006;0,6867526;4,80288;0;0
21:09:16.61242;0,8518924;0,6874712;4,797322;0;0
21:09:16.61242;0,8504841;0,6881897;4,791763;0;0
21:09:16.61342;0,8490759;0,6889082;4,786205;0;0
21:09:16.61342;0,8476677;0,6896268;4,780646;0;0
21:09:16.61442;0,8462595;0,6903453;4,775088;0;0
21:09:16.61442;0,8448513;0,6910638;4,769529;0;0
21:09:16.61442;0,843443;0,6917824;4,763971;0;0
21:09:16.62941;0,8420348;0,6925009;4,758412;0;0
21:09:16.62941;0,8406266;0,6932194;4,752854;0;0
21:09:16.63042;0,8392184;0,693938;4,747295;0;0
21:09:16.63042;0,8378102;0,6946565;4,741737;0;0
21:09:16.63042;0,8364019;0,695375;4,736178;0;0
21:09:16.63142;0,8349937;0,6960936;4,73062;0;0
21:09:16.63142;0,8335855;0,6968121;4,725061;0;0
21:09:16.63241;0,8321773;0,6975306;4,719503;0;0
21:09:16.63342;0,8307691;0,6982492;4,713944;0;0
21:09:16.63342;0,8293608;0,6989677;4,708386;0;0
21:09:16.63441;0,8279526;0,6996862;4,702827;0;0
21:09:16.63441;0,8265444;0,7004048;4,697269;0;0
21:09:16.63541;0,8251362;0,7011233;4,69171;0;0
21:09:16.63541;0,823728;0,7018418;4,686152;0;0
21:09:16.63641;0,8223197;0,7025604;4,680593;0;0
21:09:16.63641;0,8209115;0,7032789;4,675035;0;0
21:09:16.63741;0,8195033;0,7039974;4,669477;0;0
21:09:16.63741;0,8180951;0,704716;4,663918;0;0
21:09:16.64742;0,8166869;0,7054345;4,65836;0;0
21:09:16.64841;0,8152786;0,706153;4,652801;0;0
21:09:16.64841;0,8138704;0,7068716;4,647243;0;0
21:09:16.65042;0,8124622;0,7075901;4,641684;0;0
21:09:16.65042;0,811054;0,7083086;4,636126;0;0
21:09:16.65142;0,8096458;0,7090272;4,630567;0;0
21:09:16.65142;0,8082376;0,7097457;4,625009;0;0
21:09:16.65142;0,8068293;0,7104642;4,61945;0;0
21:09:16.65242;0,8054211;0,7111828;4,613892;0;0
21:09:16.65242;0,8040129;0,7119013;4,608333;0;0
21:09:16.65242;0,8026047;0,7126198;4,602775;0;0
21:09:16.65341;0,8011965;0,7133384;4,597216;0;0
21:09:16.65341;0,7997882;0,7140569;4,591658;0;0
21:09:16.65341;0,79838;0,7147754;4,586099;0;0
21:09:16.65442;0,7969718;0,715494;4,580541;0;0
21:09:16.65442;0,7955636;0,7162125;4,574982;0;0
21:09:16.65542;0,7941554;0,716931;4,569424;0;0
21:09:16.65542;0,7927471;0,7176496;4,563865;0;0
21:09:16.65542;0,7913389;0,7183681;4,558307;0;0
21:09:16.66142;0,7899307;0,7190866;4,552748;0;0
21:09:16.66142;0,7885225;0,7198052;4,54719;0;0
21:09:16.66242;0,7871143;0,7205237;4,541631;0;0
21:09:16.66242;0,785706;0,7212422;4,536073;0;0
21:09:16.66242;0,7842978;0,7219608;4,530514;0;0
21:09:16.66342;0,7828896;0,7226793;4,524956;0;0
21:09:16.66342;0,7814814;0,7233979;4,519397;0;0
21:09:16.66442;0,7800732;0,7241164;4,513839;0;0
21:09:16.66442;0,7786649;0,7248349;4,50828;0;0
21:09:16.66442;0,7772567;0,7255535;4,502722;0;0
21:09:16.66541;0,7758485;0,726272;4,497163;0;0
21:09:16.66541;0,7744403;0,7269905;4,491605;0;0
21:09:16.66541;0,7730321;0,7277091;4,486046;0;0
21:09:16.67142;0,7716238;0,7284276;4,480488;0;0
21:09:16.67142;0,7702156;0,7291461;4,474929;0;0
21:09:16.67242;0,7688074;0,7298647;4,469371;0;0
21:09:16.67242;0,7673992;0,7305832;4,463812;0;0
21:09:16.67242;0,765991;0,7313017;4,458254;0;0
21:09:16.67342;0,7645828;0,7320203;4,452695;0;0
21:09:16.67342;0,7631745;0,7327388;4,447137;0;0
21:09:16.67342;0,7617663;0,7334573;4,441578;0;0
21:09:16.67442;0,7603581;0,7341759;4,43602;0;0
21:09:16.67442;0,7589499;0,7348944;4,430461;0;0
21:09:16.68942;0,7575417;0,7356129;4,424903;0;0
21:09:16.69042;0,7561334;0,7363315;4,419344;0;0
21:09:16.69042;0,7547252;0,73705;4,413786;0;0
21:09:16.69142;0,753317;0,7377685;4,408227;0;0
21:09:16.69142;0,7519088;0,7384871;4,402669;0;0
21:09:16.69242;0,7505006;0,7392056;4,39711;0;0
21:09:16.69242;0,7490923;0,7399241;4,391552;0;0
21:09:16.69342;0,7476841;0,7406427;4,385993;0;0
21:09:16.69342;0,7462759;0,7413612;4,380435;0;0
21:09:16.69342;0,7448677;0,7420797;4,374876;0;0
21:09:16.69442;0,7434595;0,7427983;4,369318;0;0
21:09:16.69442;0,7420512;0,7435168;4,36376;0;0
21:09:16.69542;0,740643;0,7442353;4,358201;0;0
21:09:16.69542;0,7392348;0,7449539;4,352643;0;0
21:09:16.69542;0,7378266;0,7456724;4,347084;0;0
21:09:16.69642;0,7364184;0,7463909;4,341526;0;0
21:09:16.69642;0,7350101;0,7471095;4,335967;0;0
21:09:16.69642;0,7336019;0,747828;4,330409;0;0
21:09:16.69742;0,7321937;0,7485465;4,32485;0;0
21:09:16.70242;0,7307855;0,7492651;4,319292;0;0
21:09:16.70342;0,7293773;0,7499836;4,313733;0;0
21:09:16.70342;0,7279691;0,7507021;4,308175;0;0
21:09:16.70342;0,7265608;0,7514207;4,302616;0;0
21:09:16.70442;0,7251526;0,7521392;4,297058;0;0
21:09:16.70442;0,7237444;0,7528577;4,291499;0;0
21:09:16.70542;0,7223362;0,7535763;4,285941;0;0
21:09:16.70841;0,720928;0,7542948;4,280382;0;0
21:09:16.70942;0,7195197;0,7550133;4,274824;0;0
21:09:16.70942;0,7181115;0,7557319;4,269265;0;0
21:09:16.71042;0,7167032;0,7564504;4,263707;0;0
21:09:16.71042;0,7152951;0,7571689;4,258148;0;0
21:09:16.71142;0,7138869;0,7578875;4,25259;0;0
21:09:16.71642;0,7124786;0,758606;4,247031;0;0
21:09:16.71642;0,7110704;0,7593246;4,241473;0;0
21:09:16.71741;0,7096621;0,7600431;4,235914;0;0
21:09:16.71741;0,708254;0,7607616;4,230356;0;0
21:09:16.71842;0,7068458;0,7614802;4,224797;0;0
21:09:16.71842;0,7054375;0,7621987;4,219239;0;0
21:09:16.71942;0,7040293;0,7629172;4,21368;0;0
21:09:16.71942;0,7026211;0,7636358;4,208122;0;0
21:09:16.72041;0,7012129;0,7643543;4,202563;0;0
21:09:16.72041;0,6998046;0,7650728;4,197004;0;0
21:09:16.72041;0,6983964;0,7657914;4,191446;0;0
21:09:16.72141;0,6969882;0,7665099;4,185888;0;0
21:09:16.72141;0,6955799;0,7672285;4,180329;0;0
21:09:16.72742;0,6941718;0,767947;4,174771;0;0
21:09:16.72742;0,6927635;0,7686656;4,169212;0;0
21:09:16.72842;0,6913553;0,769384;4,163654;0;0
21:09:16.72842;0,6899471;0,7701026;4,158095;0;0
21:09:16.72842;0,6885388;0,7708211;4,152536;0;0
21:09:16.72941;0,6871307;0,7715396;4,146978;0;0
21:09:16.72941;0,6857224;0,7722582;4,141419;0;0
21:09:16.72941;0,6843143;0,7729767;4,135861;0;0
21:09:16.73042;0,682906;0,7736952;4,130302;0;0
21:09:16.73042;0,6814978;0,7744138;4,124744;0;0
21:09:16.73042;0,6800896;0,7751323;4,119186;0;0
21:09:16.74442;0,6786813;0,7758509;4,113627;0;0
21:09:16.74442;0,6772732;0,7765694;4,108069;0;0
21:09:16.74542;0,6758649;0,777288;4,10251;0;0
21:09:16.74542;0,6744567;0,7780064;4,096952;0;0
21:09:16.74642;0,6730484;0,778725;4,091393;0;0
21:09:16.74642;0,6716402;0,7794435;4,085835;0;0
21:09:16.74742;0,6702321;0,780162;4,080276;0;0
21:09:16.74742;0,6688238;0,7808806;4,074718;0;0
21:09:16.74742;0,6674156;0,7815991;4,06916;0;0
21:09:16.74842;0,6660073;0,7823176;4,063601;0;0
21:09:16.74842;0,6645992;0,7830362;4,058043;0;0
21:09:16.74942;0,663191;0,7837547;4,052484;0;0
21:09:16.74942;0,6617827;0,7844733;4,046926;0;0
21:09:16.75041;0,6603745;0,7851918;4,041367;0;0
21:09:16.75041;0,6589662;0,7859104;4,035809;0;0
21:09:16.75041;0,6575581;0,7866288;4,03025;0;0
21:09:16.75142;0,6561498;0,7873474;4,024692;0;0
21:09:16.75642;0,6547416;0,7880659;4,019133;0;0
21:09:16.75642;0,6533334;0,7887844;4,013575;0;0
21:09:16.75742;0,6519251;0,789503;4,008016;0;0
21:09:16.75742;0,650517;0,7902215;4,002458;0;0
21:09:16.75841;0,6491087;0,79094;3,996899;0;0
21:09:16.75841;0,6477005;0,7916586;3,991341;0;0
21:09:16.75942;0,6462923;0,7923771;3,985782;0;0
21:09:16.75942;0,644884;0,7930957;3,980223;0;0
21:09:16.75942;0,6434759;0,7938142;3,974665;0;0
21:09:16.76042;0,6420676;0,7945328;3,969106;0;0
21:09:16.76042;0,6406595;0,7952513;3,963548;0;0
21:09:16.76142;0,6392512;0,7959698;3,957989;0;0
21:09:16.77342;0,637843;0,7966883;3,952431;0;0
21:09:16.77342;0,6364348;0,7974069;3,946873;0;0
21:09:16.77442;0,6350265;0,7981254;3,941314;0;0
21:09:16.77442;0,6336184;0,7988439;3,935756;0;0
21:09:16.77542;0,6322101;0,7995625;3,930197;0;0
21:09:16.77542;0,6308019;0,800281;3,924639;0;0
21:09:16.77642;0,6293936;0,8009995;3,91908;0;0
21:09:16.77642;0,6279854;0,8017181;3,913522;0;0
21:09:16.77642;0,6265773;0,8024366;3,907963;0;0
21:09:16.77742;0,625169;0,8031552;3,902405;0;0
21:09:16.77742;0,6237608;0,8038737;3,896846;0;0
21:09:16.77742;0,6223525;0,8045923;3,891288;0;0
21:09:16.77841;0,6209443;0,8053107;3,885729;0;0
21:09:16.77841;0,6195362;0,8060293;3,880171;0;0
21:09:16.77941;0,6181279;0,8067478;3,874612;0;0
21:09:16.77941;0,6167197;0,8074663;3,869054;0;0
21:09:16.77941;0,6153114;0,8081849;3,863495;0;0
21:09:16.78442;0,6139033;0,8089034;3,857937;0;0
21:09:16.78542;0,612495;0,8096219;3,852378;0;0
21:09:16.78641;0,6110868;0,8103405;3,84682;0;0
21:09:16.78641;0,6096786;0,811059;3,841261;0;0
21:09:16.78641;0,6082703;0,8117776;3,835703;0;0
21:09:16.78741;0,6068622;0,8124961;3,830144;0;0
21:09:16.78741;0,6054539;0,8132147;3,824586;0;0
21:09:16.78842;0,6040457;0,8139331;3,819027;0;0
21:09:16.78842;0,6026375;0,8146517;3,813469;0;0
21:09:16.78942;0,6012293;0,8153702;3,80791;0;0
21:09:16.78942;0,5998211;0,8160887;3,802352;0;0
21:09:16.78942;0,5984128;0,8168073;3,796793;0;0
21:09:16.79542;0,5970047;0,8175258;3,791235;0;0
21:09:16.79642;0,5955964;0,8182443;3,785676;0;0
21:09:16.79642;0,5941882;0,8189629;3,780118;0;0
21:09:16.79642;0,59278;0,8196814;3,774559;0;0
21:09:16.79741;0,5913717;0,8204;3,769001;0;0
21:09:16.79741;0,5899636;0,8211185;3,763443;0;0
21:09:16.79842;0,5885553;0,8218371;3,757884;0;0
21:09:16.79842;0,5871471;0,8225555;3,752326;0;0
21:09:16.79842;0,5857389;0,8232741;3,746767;0;0
21:09:16.79941;0,5843306;0,8239926;3,741208;0;0
21:09:16.81442;0,5829225;0,8247111;3,73565;0;0
21:09:16.81542;0,5815142;0,8254297;3,730091;0;0
21:09:16.81542;0,580106;0,8261483;3,724533;0;0
21:09:16.81642;0,5786977;0,8268667;3,718974;0;0
21:09:16.81642;0,5772895;0,8275853;3,713416;0;0
21:09:16.81741;0,5758814;0,8283038;3,707858;0;0
21:09:16.81741;0,5744731;0,8290224;3,702299;0;0
21:09:16.81842;0,5730649;0,8297409;3,696741;0;0
21:09:16.81842;0,5716566;0,8304595;3,691182;0;0
21:09:16.81942;0,5702485;0,8311779;3,685624;0;0
21:09:16.81942;0,5688402;0,8318965;3,680065;0;0
21:09:16.82042;0,567432;0,832615;3,674506;0;0
21:09:16.82042;0,5660238;0,8333336;3,668948;0;0
21:09:16.82042;0,5646155;0,8340521;3,663389;0;0
21:09:16.82142;0,5632074;0,8347707;3,657831;0;0
21:09:16.82142;0,5617991;0,8354892;3,652272;0;0
21:09:16.82242;0,5603909;0,8362077;3,646714;0;0
21:09:16.82242;0,5589827;0,8369262;3,641156;0;0
21:09:16.82242;0,5575745;0,8376448;3,635597;0;0
21:09:16.82342;0,5561663;0,8383633;3,630039;0;0
21:09:16.82842;0,554758;0,8390819;3,62448;0;0
21:09:16.82942;0,5533499;0,8398004;3,618922;0;0
21:09:16.82942;0,5519416;0,8405189;3,613363;0;0
21:09:16.83042;0,5505334;0,8412374;3,607805;0;0
21:09:16.83042;0,5491252;0,841956;3,602246;0;0
21:09:16.83142;0,5477169;0,8426745;3,596688;0;0
21:09:16.83142;0,5463088;0,8433931;3,591129;0;0
21:09:16.83242;0,5449005;0,8441116;3,585571;0;0
21:09:16.83242;0,5434923;0,8448302;3,580012;0;0
21:09:16.83242;0,5420841;0,8455486;3,574454;0;0
21:09:16.83341;0,5406758;0,8462672;3,568895;0;0
21:09:16.83341;0,5392677;0,8469857;3,563337;0;0
21:09:16.83442;0,5378594;0,8477043;3,557778;0;0
21:09:16.83442;0,5364512;0,8484228;3,55222;0;0
21:09:16.83942;0,5350429;0,8491413;3,546661;0;0
21:09:16.84042;0,5336347;0,8498598;3,541103;0;0
21:09:16.84042;0,5322266;0,8505784;3,535544;0;0
21:09:16.84142;0,5308183;0,8512969;3,529986;0;0
21:09:16.84142;0,5294101;0,8520155;3,524427;0;0
21:09:16.84242;0,5280018;0,852734;3,518869;0;0
21:09:16.84242;0,5265936;0,8534526;3,51331;0;0
21:09:16.84242;0,5251855;0,854171;3,507752;0;0
21:09:16.84342;0,5237772;0,8548896;3,502193;0;0
21:09:16.84342;0,522369;0,8556081;3,496635;0;0
21:09:16.84442;0,5209607;0,8563267;3,491076;0;0
21:09:16.85641;0,5195526;0,8570452;3,485518;0;0
21:09:16.85641;0,5181443;0,8577637;3,479959;0;0
21:09:16.85742;0,5167361;0,8584822;3,474401;0;0
21:09:16.85742;0,5153279;0,8592008;3,468843;0;0
21:09:16.85841;0,5139197;0,8599193;3,463284;0;0
21:09:16.85841;0,5125115;0,8606379;3,457726;0;0
21:09:16.85942;0,5111032;0,8613564;3,452167;0;0
21:09:16.85942;0,509695;0,862075;3,446608;0;0
21:09:16.85942;0,5082868;0,8627934;3,44105;0;0
21:09:16.86042;0,5068786;0,863512;3,435491;0;0
21:09:16.86042;0,5054704;0,8642305;3,429933;0;0
21:09:16.86142;0,5040621;0,8649491;3,424374;0;0
21:09:16.86142;0,502654;0,8656676;3,418816;0;0
21:09:16.86142;0,5012457;0,8663861;3,413257;0;0
21:09:16.86242;0,4998375;0,8671046;3,407699;0;0
21:09:16.86242;0,4984294;0,8678232;3,402141;0;0
21:09:16.86742;0,4970211;0,8685417;3,396582;0;0
21:09:16.86841;0,495613;0,8692603;3,391024;0;0
21:09:16.86841;0,4942047;0,8699788;3,385465;0;0
21:09:16.86942;0,4927965;0,8706974;3,379906;0;0
21:09:16.86942;0,4913884;0,8714159;3,374348;0;0
21:09:16.87042;0,4899802;0,8721344;3,368789;0;0
21:09:16.87042;0,488572;0,8728529;3,363231;0;0
21:09:16.87042;0,4871638;0,8735715;3,357672;0;0
21:09:16.87142;0,4857556;0,87429;3,352114;0;0
21:09:16.87142;0,4843475;0,8750085;3,346555;0;0
21:09:16.87242;0,4829392;0,8757271;3,340997;0;0
21:09:16.87242;0,4815311;0,8764456;3,335439;0;0
21:09:16.88142;0,4801229;0,8771641;3,32988;0;0
21:09:16.88242;0,4787146;0,8778827;3,324322;0;0
21:09:16.88242;0,4773065;0,8786012;3,318763;0;0
21:09:16.88242;0,4758983;0,8793198;3,313205;0;0
21:09:16.88342;0,4744901;0,8800383;3,307646;0;0
21:09:16.88342;0,4730819;0,8807569;3,302088;0;0
21:09:16.88342;0,4716737;0,8814753;3,296529;0;0
21:09:16.88441;0,4702656;0,8821939;3,290971;0;0
21:09:16.88441;0,4688573;0,8829124;3,285412;0;0
21:09:16.88542;0,4674491;0,8836309;3,279854;0;0
21:09:16.88542;0,4660409;0,8843495;3,274295;0;0
21:09:16.88542;0,4646327;0,8850681;3,268737;0;0
21:09:16.88642;0,4632246;0,8857865;3,263178;0;0
21:09:16.88642;0,4618164;0,8865051;3,25762;0;0
21:09:16.89842;0,4604082;0,8872236;3,252061;0;0
21:09:16.89942;0,459;0,8879422;3,246503;0;0
21:09:16.89942;0,4575918;0,8886607;3,240944;0;0
21:09:16.90042;0,4561837;0,8893793;3,235386;0;0
21:09:16.90042;0,4547754;0,8900977;3,229827;0;0
21:09:16.90042;0,4533672;0,8908163;3,224269;0;0
21:09:16.90142;0,4519591;0,8915348;3,21871;0;0
21:09:16.90142;0,4505509;0,8922533;3,213152;0;0
21:09:16.90242;0,4491427;0,8929719;3,207593;0;0
21:09:16.90242;0,4477345;0,8936905;3,202035;0;0
21:09:16.90242;0,4463263;0,8944089;3,196476;0;0
21:09:16.90341;0,4449181;0,8951275;3,190918;0;0
21:09:16.90341;0,4435099;0,895846;3,185359;0;0
21:09:16.90341;0,4421018;0,8965646;3,179801;0;0
21:09:16.90442;0,4406936;0,8972831;3,174242;0;0
21:09:16.90442;0,4392853;0,8980017;3,168684;0;0
21:09:16.90442;0,4378771;0,8987201;3,163126;0;0
21:09:16.91042;0,436469;0,8994387;3,157567;0;0
21:09:16.91042;0,4350609;0,9001572;3,152009;0;0
21:09:16.91142;0,4336526;0,9008757;3,14645;0;0
21:09:16.91142;0,4322444;0,9015943;3,140891;0;0
21:09:16.91242;0,4308363;0,9023129;3,135333;0;0
21:09:16.91242;0,429428;0,9030313;3,129774;0;0
21:09:16.91242;0,4280199;0,9037499;3,124216;0;0
21:09:16.91342;0,4266116;0,9044684;3,118657;0;0
21:09:16.91342;0,4252034;0,905187;3,113099;0;0
21:09:16.91442;0,4237953;0,9059055;3,10754;0;0
21:09:16.91442;0,4223871;0,9066241;3,101982;0;0
21:09:16.92642;0,4209789;0,9073426;3,096424;0;0
21:09:16.92742;0,4195707;0,9080611;3,090865;0;0
21:09:16.92742;0,4181625;0,9087796;3,085307;0;0
21:09:16.92842;0,4167544;0,9094982;3,079748;0;0
21:09:16.92842;0,4153461;0,9102167;3,074189;0;0
21:09:16.92842;0,413938;0,9109353;3,068631;0;0
21:09:16.92942;0,4125298;0,9116538;3,063072;0;0
21:09:16.92942;0,4111215;0,9123724;3,057514;0;0
21:09:16.93042;0,4097134;0,9130908;3,051955;0;0
21:09:16.93042;0,4083052;0,9138094;3,046397;0;0
21:09:16.93042;0,406897;0,9145279;3,040838;0;0
21:09:16.93142;0,4054888;0,9152465;3,03528;0;0
21:09:16.93142;0,4040806;0,915965;3,029722;0;0
21:09:16.93241;0,4026725;0,9166835;3,024163;0;0
21:09:16.93241;0,4012643;0,917402;3,018605;0;0
21:09:16.93241;0,399856;0,9181206;3,013046;0;0
21:09:16.93842;0,3984478;0,9188391;3,007488;0;0
21:09:16.93842;0,3970397;0,9195577;3,001929;0;0
21:09:16.93941;0,3956316;0,9202762;2,996371;0;0
21:09:16.93941;0,3942233;0,9209948;2,990812;0;0
21:09:16.93941;0,3928151;0,9217132;2,985254;0;0
21:09:16.94041;0,3914069;0,9224318;2,979695;0;0
21:09:16.94041;0,3899987;0,9231503;2,974137;0;0
21:09:16.94142;0,3885906;0,9238689;2,968578;0;0
21:09:16.94142;0,3871823;0,9245874;2,96302;0;0
21:09:16.94242;0,3857741;0,9253059;2,957461;0;0
21:09:16.94242;0,384366;0,9260244;2,951903;0;0
21:09:16.94341;0,3829578;0,926743;2,946344;0;0
21:09:16.94842;0,3815496;0,9274615;2,940786;0;0
21:09:16.94941;0,3801414;0,9281801;2,935227;0;0
21:09:16.94941;0,3787332;0,9288986;2,929669;0;0
21:09:16.95042;0,377325;0,9296172;2,92411;0;0
21:09:16.95042;0,3759168;0,9303356;2,918552;0;0
21:09:16.95042;0,3745087;0,9310542;2,912993;0;0
21:09:16.95141;0,3731005;0,9317727;2,907435;0;0
21:09:16.95141;0,3716922;0,9324913;2,901876;0;0
21:09:16.95242;0,370284;0,9332098;2,896318;0;0
21:09:16.95242;0,3688759;0,9339283;2,890759;0;0
21:09:16.95242;0,3674678;0,9346468;2,885201;0;0
21:09:16.96542;0,3660595;0,9353654;2,879642;0;0
21:09:17.02675;0,3646513;0,9360839;2,874084;0;0
21:09:17.02675;0,3632431;0,9368025;2,868525;0;0
21:09:17.02775;0,3618349;0,937521;2,862967;0;0
21:09:17.02775;0,3604268;0,9382396;2,857409;0;0
21:09:17.02775;0,3590185;0,938958;2,85185;0;0
21:09:17.02875;0,3576103;0,9396766;2,846292;0;0
21:09:17.02926;0,3562022;0,9403951;2,840733;0;0
21:09:17.02926;0,354794;0,9411137;2,835174;0;0
21:09:17.03026;0,3533858;0,9418322;2,829616;0;0
21:09:17.03026;0,3519776;0,9425507;2,824057;0;0
21:09:17.03126;0,3505694;0,9432693;2,818499;0;0
21:09:17.03126;0,3491612;0,9439878;2,81294;0;0
21:09:17.03126;0,347753;0,9447063;2,807382;0;0
21:09:17.03226;0,3463449;0,9454249;2,801823;0;0
21:09:17.03226;0,3449367;0,9461434;2,796265;0;0
21:09:17.03826;0,3435284;0,946862;2,790707;0;0
21:09:17.03826;0,3421202;0,9475805;2,785148;0;0
21:09:17.03954;0,3407121;0,9482991;2,77959;0;0
21:09:17.03954;0,339304;0,9490175;2,774031;0;0
21:09:17.04053;0,3378957;0,9497361;2,768472;0;0
21:09:17.04053;0,3364875;0,9504546;2,762914;0;0
21:09:17.04053;0,3350793;0,9511731;2,757355;0;0
21:09:17.04153;0,3336712;0,9518917;2,751797;0;0
21:09:17.04153;0,332263;0,9526103;2,746238;0;0
21:09:17.04153;0,3308547;0,9533287;2,74068;0;0
21:09:17.04253;0,3294466;0,9540473;2,735121;0;0
21:09:17.04253;0,3280385;0,9547658;2,729563;0;0
21:09:17.04353;0,3266302;0,9554844;2,724005;0;0
21:09:17.04353;0,325222;0,9562029;2,718446;0;0
21:09:17.04353;0,3238138;0,9569215;2,712888;0;0
21:09:17.04453;0,3224056;0,9576399;2,707329;0;0
21:09:17.04453;0,3209974;0,9583585;2,701771;0;0
21:09:17.04554;0,3195892;0,959077;2,696212;0;0
21:09:17.04554;0,318181;0,9597955;2,690654;0;0
21:09:17.04554;0,3167729;0,9605141;2,685095;0;0
21:09:17.04653;0,3153647;0,9612327;2,679537;0;0
21:09:17.04653;0,3139564;0,9619511;2,673978;0;0
21:09:17.04753;0,3125483;0,9626697;2,66842;0;0
21:09:17.04753;0,3111401;0,9633882;2,662861;0;0
21:09:17.04753;0,3097319;0,9641068;2,657303;0;0
21:09:17.04853;0,3083237;0,9648253;2,651744;0;0
21:09:17.04853;0,3069156;0,9655439;2,646186;0;0
21:09:17.04924;0,3055074;0,9662623;2,640627;0;0
21:09:17.04924;0,3040991;0,9669809;2,635069;0;0
21:09:17.04924;0,3026909;0,9676994;2,62951;0;0
21:09:17.05022;0,3012828;0,9684179;2,623952;0;0
21:09:17.05022;0,2998747;0,9691365;2,618393;0;0
21:09:17.05122;0,2984664;0,9698551;2,612835;0;0
21:09:17.05122;0,2970582;0,9705735;2,607276;0;0
21:09:17.05122;0,29565;0,9712921;2,601718;0;0
21:09:17.05222;0,2942418;0,9720106;2,596159;0;0
21:09:17.05222;0,2928337;0,9727292;2,590601;0;0
21:09:17.05322;0,2914254;0,9734477;2,585042;0;0
21:09:17.05322;0,2900172;0,9741663;2,579484;0;0
21:09:17.05322;0,2886091;0,9748847;2,573925;0;0
21:09:17.05422;0,2872009;0,9756033;2,568367;0;0
21:09:17.05422;0,2857927;0,9763218;2,562808;0;0
21:09:17.05422;0,2843845;0,9770404;2,55725;0;0
21:09:17.05522;0,2829763;0,9777589;2,551692;0;0
21:09:17.05522;0,2815681;0,9784775;2,546133;0;0
21:09:17.05522;0,2801599;0,979196;2,540574;0;0
21:09:17.05622;0,2787518;0,9799145;2,535016;0;0
21:09:17.05622;0,2773436;0,980633;2,529457;0;0
21:09:17.05622;0,2759354;0,9813516;2,523899;0;0
21:09:17.05722;0,2745271;0,9820701;2,51834;0;0
21:09:17.05722;0,273119;0,9827887;2,512782;0;0
21:09:17.05722;0,2717109;0,9835072;2,507223;0;0
21:09:17.05822;0,2703026;0,9842257;2,501665;0;0
21:09:17.05822;0,2688944;0,9849442;2,496106;0;0
21:09:17.05822;0,2674862;0,9856628;2,490548;0;0
21:09:17.05922;0,2660781;0,9863813;2,48499;0;0
21:09:17.05922;0,2646699;0,9870999;2,479431;0;0
21:09:17.05922;0,2632616;0,9878184;2,473872;0;0
21:09:17.06022;0,2618535;0,988537;2,468314;0;0
21:09:17.06022;0,2604453;0,9892554;2,462755;0;0
21:09:17.06122;0,2590371;0,989974;2,457197;0;0
21:09:17.06122;0,2576289;0,9906925;2,451638;0;0
21:09:17.06122;0,2562207;0,9914111;2,44608;0;0
21:09:17.06222;0,2548125;0,9921296;2,440521;0;0
21:09:17.06222;0,2534043;0,9928482;2,434963;0;0
21:09:17.06222;0,2519961;0,9935666;2,429404;0;0
21:09:17.06322;0,250588;0,9942852;2,423846;0;0
21:09:17.06322;0,2491798;0,9950038;2,418288;0;0
21:09:17.06422;0,2477716;0,9957223;2,412729;0;0
21:09:17.06422;0,2463633;0,9964408;2,407171;0;0
21:09:17.06422;0,2449552;0,9971593;2,401612;0;0
21:09:17.06522;0,243547;0,9978778;2,396054;0;0
21:09:17.06522;0,2421388;0,9985964;2,390495;0;0
21:09:17.07022;0,2407306;0,9993149;2,384937;0;0
21:09:17.07122;0,2393225;1,000033;2,379378;0;0
21:09:17.07122;0,2379143;1,000752;2,37382;0;0
21:09:17.07122;0,236506;1,00147;2,368261;0;0
21:09:17.07222;0,2350979;1,002189;2,362703;0;0
21:09:17.07222;0,2336897;1,002907;2,357144;0;0
21:09:17.07322;0,2322815;1,003626;2,351586;0;0
21:09:17.07322;0,2308733;1,004344;2,346027;0;0
21:09:17.07322;0,2294651;1,005063;2,340469;0;0
21:09:17.07422;0,2280569;1,005781;2,33491;0;0
21:09:17.07422;0,2266487;1,0065;2,329352;0;0
21:09:17.07422;0,2252405;1,007218;2,323793;0;0
21:09:17.07522;0,2238323;1,007937;2,318234;0;0
21:09:17.07522;0,2224241;1,008655;2,312676;0;0
21:09:17.07522;0,221016;1,009374;2,307118;0;0
21:09:17.07622;0,2196077;1,010092;2,301559;0;0
21:09:17.07622;0,2181996;1,01081;2,296001;0;0
21:09:17.07622;0,2167915;1,011529;2,290442;0;0
21:09:17.07722;0,2153832;1,012248;2,284884;0;0
21:09:17.07722;0,2139751;1,012966;2,279325;0;0
21:09:17.07822;0,2125667;1,013684;2,273767;0;0
21:09:17.07822;0,2111587;1,014403;2,268208;0;0
21:09:17.07822;0,2097505;1,015121;2,26265;0;0
21:09:17.07922;0,2083423;1,01584;2,257092;0;0
21:09:17.07922;0,2069341;1,016558;2,251533;0;0
21:09:17.07922;0,2055259;1,017277;2,245974;0;0
21:09:17.08022;0,2041177;1,017995;2,240416;0;0
21:09:17.08022;0,2027095;1,018714;2,234857;0;0
21:09:17.08122;0,2013013;1,019432;2,229299;0;0
21:09:17.08122;0,1998931;1,020151;2,22374;0;0
21:09:17.08222;0,1984849;1,020869;2,218182;0;0
21:09:17.08222;0,1970767;1,021588;2,212623;0;0
21:09:17.08722;0,1956686;1,022306;2,207065;0;0
21:09:17.08822;0,1942604;1,023025;2,201507;0;0
21:09:17.08822;0,1928523;1,023743;2,195948;0;0
21:09:17.08922;0,1914439;1,024462;2,190389;0;0
21:09:17.08922;0,1900357;1,02518;2,184831;0;0
21:09:17.08922;0,1886276;1,025898;2,179273;0;0
21:09:17.09022;0,1872195;1,026617;2,173714;0;0
21:09:17.09022;0,1858113;1,027335;2,168155;0;0
21:09:17.09022;0,1844029;1,028054;2,162597;0;0
21:09:17.09122;0,1829947;1,028772;2,157039;0;0
21:09:17.09122;0,1815866;1,029491;2,15148;0;0
21:09:17.09222;0,1801785;1,030209;2,145921;0;0
21:09:17.09222;0,1787703;1,030928;2,140363;0;0
21:09:17.09222;0,1773621;1,031646;2,134804;0;0
21:09:17.09322;0,1759539;1,032365;2,129246;0;0
21:09:17.09322;0,1745456;1,033083;2,123688;0;0
21:09:17.09422;0,1731375;1,033802;2,118129;0;0
21:09:17.09422;0,1717293;1,03452;2,11257;0;0
21:09:17.09962;0,1703211;1,035239;2,107012;0;0
21:09:17.09962;0,1689129;1,035957;2,101454;0;0
21:09:17.10062;0,1675047;1,036676;2,095895;0;0
21:09:17.10062;0,1660967;1,037394;2,090336;0;0
21:09:17.10164;0,1646885;1,038113;2,084778;0;0
21:09:17.10164;0,1632801;1,038831;2,07922;0;0
21:09:17.10262;0,1618719;1,039549;2,073661;0;0
21:09:17.10262;0,1604637;1,040268;2,068103;0;0
21:09:17.10262;0,1590557;1,040987;2,062544;0;0
21:09:17.10362;0,1576475;1,041705;2,056985;0;0
21:09:17.10362;0,1562392;1,042423;2,051427;0;0
21:09:17.11621;0,1548311;1,043142;2,045869;0;0
21:09:17.11721;0,1534228;1,04386;2,04031;0;0
21:09:17.11721;0,1520147;1,044579;2,034751;0;0
21:09:17.11721;0,1506065;1,045297;2,029193;0;0
21:09:17.11820;0,1491982;1,046016;2,023635;0;0
21:09:17.11820;0,1477901;1,046734;2,018076;0;0
21:09:17.11920;0,1463819;1,047453;2,012517;0;0
21:09:17.11920;0,1449738;1,048171;2,006959;0;0
21:09:17.11920;0,1435657;1,04889;2,0014;0;0
21:09:17.12021;0,1421574;1,049608;1,995842;0;0
21:09:17.12021;0,1407491;1,050327;1,990284;0;0
21:09:17.12121;0,1393409;1,051045;1,984725;0;0
21:09:17.12121;0,1379328;1,051764;1,979166;0;0
21:09:17.12221;0,1365247;1,052482;1,973608;0;0
21:09:17.12221;0,1351163;1,0532;1,968049;0;0
21:09:17.12321;0,1337081;1,053919;1,962491;0;0
21:09:17.12321;0,1323;1,054637;1,956932;0;0
21:09:17.12921;0,1308919;1,055356;1,951374;0;0
21:09:17.12921;0,1294837;1,056074;1,945815;0;0
21:09:17.13021;0,1280754;1,056793;1,940256;0;0
21:09:17.13021;0,1266671;1,057511;1,934697;0;0
21:09:17.13021;0,125259;1,05823;1,929139;0;0
21:09:17.13120;0,1238509;1,058948;1,92358;0;0
21:09:17.13120;0,1224427;1,059667;1,918021;0;0
21:09:17.13221;0,1210344;1,060385;1,912463;0;0
21:09:17.13221;0,1196262;1,061104;1,906905;0;0
21:09:17.13221;0,1182181;1,061822;1,901346;0;0
21:09:17.13320;0,11681;1,062541;1,895787;0;0
21:09:17.13320;0,1154017;1,063259;1,890229;0;0
21:09:17.13320;0,1139934;1,063978;1,88467;0;0
21:09:17.14621;0,1125852;1,064696;1,879111;0;0
21:09:17.14621;0,1111771;1,065415;1,873552;0;0
21:09:17.14621;0,109769;1,066133;1,867994;0;0
21:09:17.14720;0,1083608;1,066852;1,862435;0;0
21:09:17.14720;0,1069524;1,06757;1,856877;0;0
21:09:17.14720;0,1055442;1,068288;1,851318;0;0
21:09:17.14821;0,1041361;1,069007;1,84576;0;0
21:09:17.14821;0,102728;1,069726;1,840201;0;0
21:09:17.14821;0,1013198;1,070444;1,834642;0;0
21:09:17.14921;0,09991145;1,071162;1,829084;0;0
21:09:17.14921;0,09850323;1,071881;1,823525;0;0
21:09:17.15020;0,09709513;1,072599;1,817966;0;0
21:09:17.15020;0,09568703;1,073318;1,812408;0;0
21:09:17.15121;0,09427881;1,074036;1,806849;0;0
21:09:17.15121;0,09287047;1,074755;1,801291;0;0
21:09:17.15121;0,09146225;1,075473;1,795732;0;0
21:09:17.15220;0,09005404;1,076192;1,790174;0;0
21:09:17.15721;0,08864605;1,07691;1,784615;0;0
21:09:17.15721;0,08723783;1,077629;1,779056;0;0
21:09:17.15721;0,0858295;1,078347;1,773498;0;0
21:09:17.15821;0,08442128;1,079066;1,76794;0;0
21:09:17.15821;0,08301306;1,079784;1,76238;0;0
21:09:17.15920;0,08160508;1,080503;1,756822;0;0
21:09:17.15920;0,08019686;1,081221;1,751264;0;0
21:09:17.15920;0,07878852;1,081939;1,745705;0;0
21:09:17.16021;0,0773803;1,082658;1,740146;0;0
21:09:17.16021;0,07597208;1,083376;1,734588;0;0
21:09:17.16021;0,07456398;1,084095;1,729029;0;0
21:09:17.17221;0,07315588;1,084813;1,72347;0;0
21:09:17.17321;0,07174754;1,085532;1,717911;0;0
21:09:17.17321;0,07033932;1,08625;1,712353;0;0
21:09:17.17421;0,0689311;1,086969;1,706795;0;0
21:09:17.17421;0,067523;1,087687;1,701235;0;0
21:09:17.17421;0,0661149;1,088406;1,695677;0;0
21:09:17.17521;0,06470656;1,089124;1,690119;0;0
21:09:17.17521;0,06329834;1,089843;1,68456;0;0
21:09:17.17621;0,06189013;1,090561;1,679001;0;0
21:09:17.17621;0,06048203;1,09128;1,673443;0;0
21:09:17.17621;0,05907393;1,091998;1,667884;0;0
21:09:17.17721;0,05766559;1,092717;1,662325;0;0
21:09:17.17721;0,05625737;1,093435;1,656766;0;0
21:09:17.17721;0,05484915;1,094154;1,651208;0;0
21:09:17.17821;0,05344105;1,094872;1,645649;0;0
21:09:17.17821;0,05203295;1,095591;1,640091;0;0
21:09:17.18321;0,05062461;1,096309;1,634533;0;0
21:09:17.18421;0,04921639;1,097027;1,628974;0;0
21:09:17.18421;0,04780817;1,097746;1,623415;0;0
21:09:17.18521;0,04640007;1,098464;1,617857;0;0
21:09:17.18521;0,04499185;1,099183;1,612298;0;0
21:09:17.18521;0,04358363;1,099901;1,60674;0;0
21:09:17.18621;0,04217541;1,10062;1,601181;0;0
21:09:17.18621;0,04076719;1,101338;1,595623;0;0
21:09:17.18621;0,03935909;1,102057;1,590064;0;0
21:09:17.18721;0,03795087;1,102775;1,584505;0;0
21:09:17.20221;0,03654265;1,103494;1,578946;0;0
21:09:17.20221;0,03513443;1,104212;1,573388;0;0
21:09:17.20320;0,03372622;1,104931;1,567829;0;0
21:09:17.20320;0,03231812;1,105649;1,56227;0;0
21:09:17.20421;0,0309099;1,106368;1,556712;0;0
21:09:17.20421;0,02950168;1,107086;1,551154;0;0
21:09:17.20521;0,02809346;1,107805;1,545595;0;0
21:09:17.20521;0,02668524;1,108523;1,540036;0;0
21:09:17.20521;0,02527714;1,109241;1,534478;0;0
21:09:17.20621;0,02386892;1,10996;1,528919;0;0
21:09:17.20621;0,0224607;1,110678;1,52336;0;0
21:09:17.20721;0,02105248;1,111397;1,517801;0;0
21:09:17.20721;0,01964426;1,112115;1,512243;0;0
21:09:17.20821;0,01823616;1,112834;1,506684;0;0
21:09:17.20821;0,01682794;1,113552;1,501126;0;0
21:09:17.20821;0,01541972;1,114271;1,495567;0;0
21:09:17.21421;0,0140115;1,114989;1,490009;0;0
21:09:17.21421;0,01260328;1,115708;1,48445;0;0
21:09:17.21521;0,01119518;1,116426;1,478891;0;0
21:09:17.21521;0,009786963;1,117145;1,473333;0;0
21:09:17.21521;0,008378744;1,117863;1,467774;0;0
21:09:17.21621;0,006970525;1,118582;1,462215;0;0
21:09:17.21621;0,005562305;1,1193;1,456657;0;0
21:09:17.21721;0,004154205;1,120019;1,451098;0;0
21:09:17.21721;0,002745986;1,120737;1,445539;0;0
21:09:17.21721;0,001337767;1,121456;1,439981;0;0
21:09:17.21820;-7,045269E-05;1,122174;1,434422;0;0
21:09:17.21921;-0,001478672;1,122892;1,428864;0;0
21:09:17.21921;-0,002886772;1,123611;1,423305;0;0
21:09:17.21921;-0,004294991;1,12433;1,417747;0;0
21:09:17.22021;-0,005703211;1,125048;1,412189;0;0
21:09:17.23021;-0,00711143;1,125766;1,406629;0;0
21:09:17.23021;-0,00851965;1,126485;1,401071;0;0
21:09:17.23021;-0,00992775;1,127203;1,395513;0;0
21:09:17.23121;-0,01133597;1,127922;1,389954;0;0
21:09:17.23121;-0,01274419;1,12864;1,384395;0;0
21:09:17.23220;-0,01415241;1,129359;1,378836;0;0
21:09:17.23220;-0,01556063;1,130077;1,373278;0;0
21:09:17.23321;-0,01696873;1,130796;1,367719;0;0
21:09:17.23321;-0,01837695;1,131514;1,36216;0;0
21:09:17.23421;-0,01978517;1,132233;1,356602;0;0
21:09:17.23421;-0,02119339;1,132951;1,351044;0;0
21:09:17.23421;-0,0226016;1,13367;1,345484;0;0
21:09:17.23520;-0,0240097;1,134388;1,339926;0;0
21:09:17.23520;-0,02541792;1,135107;1,334368;0;0
21:09:17.23621;-0,02682614;1,135825;1,328809;0;0
21:09:17.23621;-0,02823436;1,136544;1,32325;0;0
21:09:17.24121;-0,02964258;1,137262;1,317692;0;0
21:09:17.24221;-0,03105068;1,13798;1,312133;0;0
21:09:17.24221;-0,0324589;1,138699;1,306574;0;0
21:09:17.24321;-0,03386712;1,139417;1,301015;0;0
21:09:17.24321;-0,03527534;1,140136;1,295457;0;0
21:09:17.24421;-0,03668356;1,140854;1,289899;0;0
21:09:17.24421;-0,03809166;1,141573;1,28434;0;0
21:09:17.24421;-0,03949988;1,142291;1,278782;0;0
21:09:17.24520;-0,0409081;1,14301;1,273223;0;0
21:09:17.24520;-0,04231632;1,143728;1,267664;0;0
21:09:17.24520;-0,04372454;1,144447;1,262105;0;0
21:09:17.24620;-0,04513264;1,145165;1,256547;0;0
21:09:17.25820;-0,04654086;1,145884;1,250988;0;0
21:09:17.25921;-0,04794908;1,146602;1,24543;0;0
21:09:17.25921;-0,0493573;1,147321;1,239871;0;0
21:09:17.26020;-0,05076551;1,148039;1,234313;0;0
21:09:17.26020;-0,05217361;1,148758;1,228754;0;0
21:09:17.26121;-0,05358183;1,149476;1,223195;0;0
21:09:17.26121;-0,05499017;1,150195;1,217637;0;0
21:09:17.26221;-0,05639827;1,150913;1,212078;0;0
21:09:17.26221;-0,05780649;1,151631;1,206519;0;0
21:09:17.26221;-0,05921459;1,15235;1,200961;0;0
21:09:17.26320;-0,06062281;1,153069;1,195403;0;0
21:09:17.26320;-0,06203115;1,153787;1,189844;0;0
21:09:17.26320;-0,06343925;1,154505;1,184285;0;0
21:09:17.26420;-0,06484747;1,155224;1,178727;0;0
21:09:17.26420;-0,06625557;1,155942;1,173168;0;0
21:09:17.26520;-0,06766379;1,156661;1,167609;0;0
21:09:17.27021;-0,06907213;1,157379;1,16205;0;0
21:09:17.27121;-0,07048023;1,158098;1,156492;0;0
21:09:17.27121;-0,07188845;1,158816;1,150933;0;0
21:09:17.27121;-0,07329655;1,159535;1,145375;0;0
21:09:17.27221;-0,07470477;1,160253;1,139816;0;0
21:09:17.27221;-0,0761131;1,160972;1,134258;0;0
21:09:17.27321;-0,0775212;1,16169;1,128699;0;0
21:09:17.27321;-0,07892942;1,162409;1,12314;0;0
21:09:17.27321;-0,08033752;1,163127;1,117582;0;0
21:09:17.27421;-0,08174574;1,163846;1,112023;0;0
21:09:17.27421;-0,08315408;1,164564;1,106464;0;0
21:09:17.27521;-0,0845623;1,165282;1,100906;0;0
21:09:17.28720;-0,0859704;1,166001;1,095347;0;0
21:09:17.28821;-0,0873785;1,166719;1,089788;0;0
21:09:17.28921;-0,08878672;1,167438;1,08423;0;0
21:09:17.28921;-0,09019506;1,168156;1,078671;0;0
21:09:17.28921;-0,09160328;1,168875;1,073113;0;0
21:09:17.29020;-0,09301138;1,169593;1,067554;0;0
21:09:17.29020;-0,09441948;1,170312;1,061996;0;0
21:09:17.29121;-0,0958277;1,17103;1,056437;0;0
21:09:17.29121;-0,09723604;1,171749;1,050878;0;0
21:09:17.29121;-0,09864426;1,172467;1,04532;0;0
21:09:17.29220;-0,1000524;1,173186;1,039762;0;0
21:09:17.29220;-0,1014605;1,173904;1,034203;0;0
21:09:17.29321;-0,1028687;1,174623;1,028644;0;0
21:09:17.29321;-0,104277;1,175341;1,023085;0;0
21:09:17.29321;-0,1056852;1,17606;1,017527;0;0
21:09:17.29421;-0,1070933;1,176778;1,011968;0;0
21:09:17.29421;-0,1085014;1,177497;1,006409;0;0
21:09:17.29421;-0,1099097;1,178215;1,000851;0;0
21:09:17.29921;-0,111318;1,178934;0,9952927;0;0
21:09:17.30021;-0,1127262;1,179652;0,9897337;0;0
21:09:17.30021;-0,1141343;1,180371;0,9841752;0;0
21:09:17.30121;-0,1155424;1,181089;0,9786167;0;0
21:09:17.30121;-0,1169508;1,181808;0,9730577;0;0
21:09:17.30221;-0,118359;1,182526;0,9674993;0;0
21:09:17.30221;-0,1197672;1,183244;0,9619412;0;0
21:09:17.30321;-0,1211753;1,183963;0,9563828;0;0
21:09:17.30321;-0,1225834;1,184681;0,9508238;0;0
21:09:17.30420;-0,1239917;1,1854;0,9452653;0;0
21:09:17.30420;-0,1253999;1,186118;0,9397073;0;0
21:09:17.31321;-0,1268082;1,186837;0,9341483;0;0
21:09:17.31321;-0,1282163;1,187555;0,9285893;0;0
21:09:17.31421;-0,1296244;1,188274;0,9230313;0;0
21:09:17.31421;-0,1310327;1,188992;0,9174728;0;0
21:09:17.31421;-0,1324409;1,189711;0,9119139;0;0
21:09:17.31520;-0,1338491;1,190429;0,9063554;0;0
21:09:17.31520;-0,1352572;1,191148;0,9007974;0;0
21:09:17.31621;-0,1366653;1,191866;0,8952384;0;0
21:09:17.31621;-0,1380737;1,192585;0,8896794;0;0
21:09:17.31621;-0,1394819;1,193303;0,8841209;0;0
21:09:17.31721;-0,14089;1,194021;0,8785629;0;0
21:09:17.31721;-0,1422982;1,19474;0,873004;0;0
21:09:17.31821;-0,1437063;1,195458;0,8674455;0;0
21:09:17.31821;-0,1451147;1,196177;0,8618875;0;0
21:09:17.32321;-0,1465228;1,196895;0,8563285;0;0
21:09:17.32421;-0,147931;1,197614;0,85077;0;0
21:09:17.32421;-0,1493392;1,198332;0,845212;0;0
21:09:17.32520;-0,1507473;1,199051;0,839653;0;0
21:09:17.32520;-0,1521554;1,199769;0,834094;0;0
21:09:17.32520;-0,1535637;1,200488;0,8285356;0;0
21:09:17.32621;-0,154972;1,201206;0,8229775;0;0
21:09:17.32621;-0,1563802;1,201925;0,8174186;0;0
21:09:17.32720;-0,1577882;1,202643;0,8118601;0;0
21:09:17.32720;-0,1591964;1,203362;0,8063021;0;0
21:09:17.32720;-0,1606047;1,20408;0,8007431;0;0
21:09:17.34220;-0,1620129;1,204799;0,7951841;0;0
21:09:17.34321;-0,163421;1,205517;0,7896256;0;0
21:09:17.34321;-0,1648291;1,206236;0,7840676;0;0
21:09:17.34421;-0,1662374;1,206954;0,7785087;0;0
21:09:17.34421;-0,1676457;1,207673;0,7729502;0;0
21:09:17.34521;-0,1690538;1,208391;0,7673922;0;0
21:09:17.34521;-0,170462;1,20911;0,7618337;0;0
21:09:17.34521;-0,1718701;1,209828;0,7562747;0;0
21:09:17.34620;-0,1732783;1,210546;0,7507157;0;0
21:09:17.34620;-0,1746866;1,211265;0,7451577;0;0
21:09:17.34620;-0,1760948;1,211983;0,7395988;0;0
21:09:17.34721;-0,177503;1,212702;0,7340403;0;0
21:09:17.34721;-0,1789111;1,21342;0,7284822;0;0
21:09:17.34821;-0,1803192;1,214139;0,7229238;0;0
21:09:17.34821;-0,1817275;1,214857;0,7173648;0;0
21:09:17.34821;-0,1831357;1,215576;0,7118058;0;0
21:09:17.34921;-0,184544;1,216294;0,7062478;0;0
21:09:17.34921;-0,1859519;1,217013;0,7006888;0;0
21:09:17.34921;-0,1873602;1,217731;0,6951303;0;0
21:09:17.35521;-0,1887685;1,21845;0,6895723;0;0
21:09:17.35521;-0,1901767;1,219168;0,6840138;0;0
21:09:17.35620;-0,1915848;1,219887;0,6784549;0;0
21:09:17.35620;-0,1929929;1,220605;0,6728964;0;0
21:09:17.35620;-0,1944011;1,221323;0,6673384;0;0
21:09:17.35720;-0,1958095;1,222042;0,6617789;0;0
21:09:17.35720;-0,1972176;1,22276;0,6562204;0;0
21:09:17.35821;-0,1986258;1,223479;0,6506619;0;0
21:09:17.35821;-0,2000339;1,224197;0,6451039;0;0
21:09:17.35921;-0,2014421;1,224916;0,639545;0;0
21:09:17.35921;-0,2028503;1,225634;0,6339865;0;0
21:09:17.35921;-0,2042586;1,226353;0,6284285;0;0
21:09:17.36821;-0,2056668;1,227071;0,622869;0;0
21:09:17.36921;-0,2070749;1,22779;0,6173105;0;0
21:09:17.36921;-0,208483;1,228508;0,611752;0;0
21:09:17.37021;-0,2098913;1,229227;0,606194;0;0
21:09:17.37021;-0,2112995;1,229945;0,6006351;0;0
21:09:17.37120;-0,2127078;1,230664;0,5950766;0;0
21:09:17.37120;-0,2141157;1,231382;0,5895185;0;0
21:09:17.37221;-0,215524;1,232101;0,5839596;0;0
21:09:17.37221;-0,2169323;1,232819;0,5784011;0;0
21:09:17.37321;-0,2183405;1,233538;0,5728421;0;0
21:09:17.37321;-0,2197486;1,234256;0,5672841;0;0
21:09:17.37420;-0,2211567;1,234975;0,5617251;0;0
21:09:17.37420;-0,2225649;1,235693;0,5561666;0;0
21:09:17.37420;-0,2239733;1,236412;0,5506086;0;0
21:09:17.38021;-0,2253814;1,23713;0,5450497;0;0
21:09:17.38021;-0,2267896;1,237849;0,5394912;0;0
21:09:17.38121;-0,2281977;1,238567;0,5339322;0;0
21:09:17.38121;-0,2296059;1,239285;0,5283742;0;0
21:09:17.38121;-0,2310141;1,240004;0,5228152;0;0
21:09:17.38221;-0,2324224;1,240722;0,5172567;0;0
21:09:17.38221;-0,2338306;1,241441;0,5116987;0;0
21:09:17.38321;-0,2352387;1,242159;0,5061398;0;0
21:09:17.38321;-0,2366468;1,242878;0,5005813;0;0
21:09:17.38321;-0,2380551;1,243596;0,4950233;0;0
21:09:17.38420;-0,2394633;1,244315;0,4894648;0;0
21:09:17.39921;-0,2408715;1,245033;0,4839053;0;0
21:09:17.39921;-0,2422795;1,245752;0,4783468;0;0
21:09:17.40021;-0,2436877;1,24647;0,4727888;0;0
21:09:17.40021;-0,2450961;1,247189;0,4672298;0;0
21:09:17.40121;-0,2465043;1,247907;0,4616714;0;0
21:09:17.40121;-0,2479124;1,248626;0,4561133;0;0
21:09:17.40121;-0,2493205;1,249344;0,4505548;0;0
21:09:17.40221;-0,2507287;1,250062;0,4449954;0;0
21:09:17.40221;-0,2521371;1,250781;0,4394369;0;0
21:09:17.40321;-0,2535452;1,251499;0,4338789;0;0
21:09:17.40321;-0,2549534;1,252218;0,4283199;0;0
21:09:17.40321;-0,2563615;1,252936;0,4227614;0;0
21:09:17.40420;-0,2577697;1,253655;0,4172029;0;0
21:09:17.40420;-0,259178;1,254373;0,4116449;0;0
21:09:17.40420;-0,2605861;1,255092;0,406086;0;0
21:09:17.40520;-0,2619944;1,25581;0,4005275;0;0
21:09:17.40520;-0,2634025;1,256529;0,394969;0;0
21:09:17.40520;-0,2648106;1,257247;0,38941;0;0
21:09:17.40620;-0,2662189;1,257966;0,3838515;0;0
21:09:17.41121;-0,2676271;1,258684;0,378293;0;0
21:09:17.41121;-0,2690353;1,259403;0,372735;0;0
21:09:17.41220;-0,2704434;1,260121;0,3671761;0;0
21:09:17.41220;-0,2718515;1,26084;0,3616176;0;0
21:09:17.41321;-0,2732599;1,261558;0,3560591;0;0
21:09:17.41321;-0,2746681;1,262277;0,3505001;0;0
21:09:17.41421;-0,2760762;1,262995;0,3449416;0;0
21:09:17.41421;-0,2774843;1,263714;0,3393831;0;0
21:09:17.41421;-0,2788925;1,264432;0,3338251;0;0
21:09:17.41521;-0,2803009;1,265151;0,3282661;0;0
21:09:17.41521;-0,2817091;1,265869;0,3227077;0;0
21:09:17.41621;-0,2831172;1,266587;0,3171496;0;0
21:09:17.42121;-0,2845253;1,267306;0,3115907;0;0
21:09:17.42121;-0,2859335;1,268024;0,3060317;0;0
21:09:17.42121;-0,2873417;1,268743;0,3004732;0;0
21:09:17.42221;-0,2887499;1,269461;0,2949152;0;0
21:09:17.42221;-0,2901582;1,27018;0,2893562;0;0
21:09:17.42321;-0,2915663;1,270898;0,2837977;0;0
21:09:17.42321;-0,2929745;1,271617;0,2782397;0;0
21:09:17.42321;-0,2943827;1,272335;0,2726808;0;0
21:09:17.42421;-0,2957909;1,273054;0,2671218;0;0
21:09:17.42421;-0,2971991;1,273772;0,2615633;0;0
21:09:17.43920;-0,2986072;1,274491;0,2560053;0;0
21:09:17.44021;-0,3000153;1,275209;0,2504463;0;0
21:09:17.44021;-0,3014237;1,275928;0,2448878;0;0
21:09:17.44121;-0,3028319;1,276646;0,2393298;0;0
21:09:17.44121;-0,3042401;1,277364;0,2337708;0;0
21:09:17.44221;-0,3056482;1,278083;0,2282124;0;0
21:09:17.44221;-0,3070563;1,278801;0,2226543;0;0
21:09:17.44221;-0,3084646;1,27952;0,2170954;0;0
21:09:17.44320;-0,3098727;1,280238;0,2115364;0;0
21:09:17.44320;-0,311281;1,280957;0,2059779;0;0
21:09:17.44421;-0,3126892;1,281675;0,2004199;0;0
21:09:17.44421;-0,3140973;1,282394;0,1948609;0;0
21:09:17.44421;-0,3155056;1,283112;0,1893024;0;0
21:09:17.44520;-0,3169137;1,283831;0,1837444;0;0
21:09:17.44520;-0,3183219;1,284549;0,1781855;0;0
21:09:17.44520;-0,3197302;1,285268;0,1726265;0;0
21:09:17.44621;-0,3211381;1,285986;0,167068;0;0
21:09:17.44621;-0,3225465;1,286705;0,16151;0;0
21:09:17.44621;-0,3239547;1,287423;0,155951;0;0
21:09:17.45121;-0,3253629;1,288142;0,1503925;0;0
21:09:17.45221;-0,3267711;1,28886;0,144834;0;0
21:09:17.45221;-0,3281791;1,289579;0,139276;0;0
21:09:17.45321;-0,3295875;1,290297;0,1337171;0;0
21:09:17.45321;-0,3309957;1,291016;0,1281581;0;0
21:09:17.45321;-0,3324038;1,291734;0,1226001;0;0
21:09:17.45420;-0,333812;1,292453;0,1170411;0;0
21:09:17.45420;-0,3352201;1,293171;0,1114826;0;0
21:09:17.45521;-0,3366284;1,29389;0,1059241;0;0
21:09:17.45521;-0,3380367;1,294608;0,1003661;0;0
21:09:17.45521;-0,3394448;1,295326;0,09480715;0;0
21:09:17.45621;-0,340853;1,296045;0,08924818;0;0
21:09:17.46821;-0,3422611;1,296763;0,08369017;0;0
21:09:17.46821;-0,3436693;1,297482;0,0781312;0;0
21:09:17.46921;-0,3450775;1,2982;0,07257271;0;0
21:09:17.46921;-0,3464857;1,298919;0,06701422;0;0
21:09:17.47021;-0,347894;1,299637;0,0614562;0;0
21:09:17.47021;-0,3493021;1,300356;0,05589724;0;0
21:09:17.47021;-0,3507103;1,301074;0,05033827;0;0
21:09:17.47120;-0,3521185;1,301793;0,04478025;0;0
21:09:17.47120;-0,3535267;1,302511;0,03922129;0;0
21:09:17.47220;-0,3549348;1,30323;0,0336628;0;0
21:09:17.47220;-0,3563429;1,303948;0,02810431;0;0
21:09:17.47220;-0,3577513;1,304667;0,02254629;0;0
21:09:17.47320;-0,3591595;1,305385;0,01698732;0;0
21:09:17.47320;-0,3605677;1,306103;0,01142836;0;0
21:09:17.47320;-0,3619758;1,306822;0,005870342;0;0
21:09:17.47420;-0,3633839;1,30754;0,0003113747;0;0
21:09:17.47921;-0,3647922;1,308259;-0,005247116;0;0
21:09:17.47921;-0,3662003;1,308977;-0,01080561;0;0
21:09:17.48020;-0,3676085;1,309696;-0,01636362;0;0
21:09:17.48020;-0,3690168;1,310414;-0,02192259;0;0
21:09:17.48120;-0,3704249;1,311133;-0,02748156;0;0
21:09:17.48120;-0,3718332;1,311851;-0,03303957;0;0
21:09:17.48120;-0,3732413;1,31257;-0,03859854;0;0
21:09:17.48220;-0,3746495;1,313288;-0,04415703;0;0
21:09:17.48220;-0,3760577;1,314007;-0,04971552;0;0
21:09:17.48321;-0,3774657;1,314725;-0,05527353;0;0
21:09:17.48321;-0,3788741;1,315444;-0,0608325;0;0
21:09:17.49321;-0,3802823;1,316162;-0,06639147;0;0
21:09:17.49321;-0,3816905;1,316881;-0,07194948;0;0
21:09:17.49421;-0,3830987;1,317599;-0,07750845;0;0
21:09:17.49421;-0,3845067;1,318318;-0,08306694;0;0
21:09:17.49522;-0,385915;1,319036;-0,08862543;0;0
21:09:17.49522;-0,3873233;1,319755;-0,09418344;0;0
21:09:17.49620;-0,3887314;1,320473;-0,09974241;0;0
21:09:17.49620;-0,3901396;1,321192;-0,1053014;0;0
21:09:17.49620;-0,3915477;1,32191;-0,1108594;0;0
21:09:17.49721;-0,392956;1,322628;-0,1164184;0;0
21:09:17.49721;-0,3943642;1,323347;-0,1219769;0;0
21:09:17.49821;-0,3957723;1,324065;-0,1275353;0;0
21:09:17.49821;-0,3971806;1,324784;-0,1330934;0;0
21:09:17.49821;-0,3985887;1,325502;-0,1386523;0;0
21:09:17.50521;-0,3999968;1,326221;-0,1442113;0;0
21:09:17.50521;-0,4014051;1,326939;-0,1497693;0;0
21:09:17.50521;-0,4028133;1,327658;-0,1553283;0;0
21:09:17.50621;-0,4042215;1,328376;-0,1608868;0;0
21:09:17.50621;-0,4056296;1,329095;-0,1664453;0;0
21:09:17.50721;-0,4070377;1,329813;-0,1720033;0;0
21:09:17.50721;-0,4084461;1,330532;-0,1775622;0;0
21:09:17.50721;-0,4098543;1,33125;-0,1831207;0;0
21:09:17.50820;-0,4112624;1,331969;-0,1886787;0;0
21:09:17.50820;-0,4126705;1,332687;-0,1942382;0;0
21:09:17.50820;-0,4140787;1,333405;-0,1997967;0;0
21:09:17.50920;-0,4154871;1,334124;-0,2053552;0;0
21:09:17.52121;-0,4168953;1,334842;-0,2109132;0;0
21:09:17.52121;-0,4183034;1,335561;-0,2164721;0;0
21:09:17.52221;-0,4197115;1,336279;-0,2220306;0;0
21:09:17.52221;-0,4211197;1,336998;-0,2275887;0;0
21:09:17.52221;-0,4225279;1,337716;-0,2331481;0;0
21:09:17.52320;-0,4239361;1,338435;-0,2387066;0;0
21:09:17.52320;-0,4253443;1,339153;-0,2442651;0;0
21:09:17.52320;-0,4267524;1,339872;-0,2498231;0;0
21:09:17.52421;-0,4281608;1,34059;-0,2553821;0;0
21:09:17.52421;-0,4295689;1,341309;-0,2609406;0;0
21:09:17.52521;-0,4309771;1,342027;-0,2664986;0;0
21:09:17.52521;-0,4323853;1,342746;-0,2720575;0;0
21:09:17.52521;-0,4337933;1,343464;-0,277616;0;0
21:09:17.52620;-0,4352015;1,344183;-0,283175;0;0
21:09:17.52620;-0,4366099;1,344901;-0,288733;0;0
21:09:17.52620;-0,4380181;1,34562;-0,294292;0;0
21:09:17.53221;-0,4394263;1,346338;-0,2998505;0;0
21:09:17.53221;-0,4408343;1,347057;-0,3054085;0;0
21:09:17.53221;-0,4422425;1,347775;-0,3109674;0;0
21:09:17.53320;-0,4436508;1,348494;-0,3165259;0;0
21:09:17.53320;-0,4450589;1,349212;-0,3220849;0;0
21:09:17.53320;-0,4464672;1,349931;-0,3276429;0;0
21:09:17.53420;-0,4478753;1,350649;-0,3332019;0;0
21:09:17.53420;-0,4492835;1,351367;-0,3387604;0;0
21:09:17.53420;-0,4506918;1,352086;-0,3443184;0;0
21:09:17.53521;-0,4520999;1,352804;-0,3498774;0;0
21:09:17.53521;-0,4535081;1,353523;-0,3554358;0;0
21:09:17.55021;-0,4549162;1,354241;-0,3609943;0;0
21:09:17.55121;-0,4563243;1,35496;-0,3665524;0;0
21:09:17.55121;-0,4577327;1,355678;-0,3721118;0;0
21:09:17.55121;-0,4591409;1,356397;-0,3776703;0;0
21:09:17.55221;-0,4605491;1,357115;-0,3832283;0;0
21:09:17.55221;-0,4619572;1,357834;-0,3887873;0;0
21:09:17.55321;-0,4633653;1,358552;-0,3943458;0;0
21:09:17.55321;-0,4647737;1,359271;-0,3999043;0;0
21:09:17.55421;-0,4661819;1,359989;-0,4054623;0;0
21:09:17.55421;-0,46759;1,360708;-0,4110217;0;0
21:09:17.55421;-0,4689982;1,361426;-0,4165802;0;0
21:09:17.55520;-0,4704063;1,362144;-0,4221382;0;0
21:09:17.55520;-0,4718146;1,362863;-0,4276972;0;0
21:09:17.55520;-0,4732229;1,363581;-0,4332557;0;0
21:09:17.55620;-0,474631;1,3643;-0,4388142;0;0
21:09:17.55620;-0,4760392;1,365018;-0,4443722;0;0
21:09:17.55620;-0,4774473;1,365737;-0,4499311;0;0
21:09:17.55720;-0,4788555;1,366455;-0,4554896;0;0
21:09:17.56221;-0,4802637;1,367174;-0,4610481;0;0
